Completed: 144
100
40
0
100
100
100
100
0
90
100
0
100
100
66
66
100
100
100
0
100
50
100
50
100
100
100
100
66
100
100
60
66
100
100
100
0
0
0
0
0
100
100
33
100
100
100
100
100
100
100
100
100
100
100
100
100
100
100
100
100
100
100
100
100
100
100
100
100
100
100
100
100
100
100
100
100
100
100
100
100
100
100
100
100
100
100
100
100
100
100
100
100
100
100
100
100
100
100
100
50
100
100
100
100
100
100
100
100
100
100
100
100
100
100
100
100
100
100
100
100
100
100
100
100
100
100
100
100
100
100
100
100
100
100
100
100
100
100
100
100
100
100
100
66
